-1.0 0.958924274663
-0.959183673469 0.996513448649
-0.918367346939 0.992742373916
-0.877551020408 0.94776756876
-0.836734693878 0.863455710576
-0.795918367347 0.743306159487
-0.755102040816 0.592305717552
-0.714285714286 0.416721651753
-0.673469387755 0.223841571348
-0.632653061224 0.021670955951
-0.591836734694 -0.18139911156
-0.551020408163 -0.376940216586
-0.510204081633 -0.556836433796
-0.469387755102 -0.713621178271
-0.428571428571 -0.840787105795
-0.387755102041 -0.933056199901
-0.34693877551 -0.986598835724
-0.30612244898 -0.999192728419
-0.265306122449 -0.970315169
-0.224489795918 -0.901164719354
-0.183673469388 -0.794611465982
-0.142857142857 -0.655077897179
-0.102040816327 -0.48835534784
-0.0612244897959 -0.301363630355
-0.0204081632653 -0.101863828083
0.0204081632653 0.101863828083
0.0612244897959 0.301363630355
0.102040816327 0.48835534784
0.142857142857 0.655077897179
0.183673469388 0.794611465982
0.224489795918 0.901164719354
0.265306122449 0.970315169
0.30612244898 0.999192728419
0.34693877551 0.986598835724
0.387755102041 0.933056199901
0.428571428571 0.840787105795
0.469387755102 0.713621178271
0.510204081633 0.556836433796
0.551020408163 0.376940216586
0.591836734694 0.18139911156
0.632653061224 -0.021670955951
0.673469387755 -0.223841571348
0.714285714286 -0.416721651753
0.755102040816 -0.592305717552
0.795918367347 -0.743306159487
0.836734693878 -0.863455710576
0.877551020408 -0.94776756876
0.918367346939 -0.992742373916
0.959183673469 -0.996513448649
1.0 -0.958924274663
